9.033177e-04
9.033844e-04
9.023433e-04
9.044125e-04
9.000320e-04
8.999259e-04
9.048092e-04
8.983984e-04
8.987153e-04
9.039092e-04
9.010429e-04
9.022248e-04
8.960958e-04
9.049010e-04
1.107932e-03
9.028277e-04
9.985015e-04
8.982341e-04
9.007864e-04
9.008691e-04
1.004689e-03
9.101601e-04
8.979402e-04
8.987768e-04
9.015291e-04
8.992903e-04
9.003272e-04
8.996735e-04
8.988714e-04
8.935571e-04
8.972671e-04
9.013000e-04
9.012206e-04
9.002116e-04
9.008267e-04
9.006498e-04
8.989508e-04
8.998601e-04
8.952887e-04
9.015431e-04
8.988762e-04
9.016182e-04
9.189799e-04
9.006760e-04
9.039910e-04
9.029245e-04
9.017811e-04
9.014978e-04
9.035921e-04
9.017744e-04
8.999543e-04
9.003832e-04
9.020677e-04
8.959427e-04
8.993742e-04
8.990679e-04
8.992898e-04
9.033222e-04
8.997025e-04
8.995323e-04
8.981411e-04
9.030027e-04
9.007115e-04
9.027183e-04
9.034631e-04
9.071922e-04
8.999245e-04
9.062934e-04
9.151194e-04
9.052410e-04
9.045515e-04
8.928998e-04
9.004977e-04
9.012654e-04
9.026186e-04
9.027905e-04
8.978860e-04
9.005232e-04
8.972764e-04
8.998513e-04
8.995130e-04
9.113660e-04
9.340787e-04
9.109819e-04
8.966498e-04
9.014466e-04
9.022584e-04
9.121263e-04
8.973970e-04
8.987796e-04
9.062033e-04
9.149292e-04
9.247758e-04
9.005089e-04
8.959160e-04
8.984702e-04
9.011841e-04
9.005189e-04
9.048190e-04
9.331024e-04
9.393022e-04
9.226143e-04
9.798012e-04
9.383996e-04
9.188645e-04
9.171760e-04
9.036858e-04
8.996952e-04
9.021456e-04
9.011409e-04
9.098046e-04
9.049747e-04
8.997872e-04
9.003978e-04
8.988352e-04
9.034376e-04
9.128599e-04
9.071560e-04
8.992870e-04
8.959053e-04
9.010456e-04
9.017286e-04
1.124329e-03
8.934257e-04
8.973103e-04
8.963377e-04
9.016476e-04
9.004457e-04
8.988459e-04
9.022369e-04
8.985958e-04
8.946626e-04
8.987651e-04
8.959877e-04
9.002488e-04
8.992925e-04
9.198070e-04
9.004269e-04
9.040072e-04
8.960423e-04
8.966880e-04
8.951449e-04
9.010487e-04
9.057155e-04
9.012542e-04
9.044843e-04
8.979714e-04
9.018562e-04
9.004397e-04
8.976338e-04
8.910108e-04
9.034462e-04
9.017541e-04
8.985760e-04
9.448225e-04
9.693110e-04
9.856975e-04
8.974125e-04
9.006543e-04
8.954630e-04
9.060671e-04
9.010582e-04
9.003408e-04
8.999593e-04
8.996198e-04
9.032259e-04
8.992937e-04
9.359038e-04
8.996191e-04
9.012575e-04
8.990860e-04
9.022822e-04
8.963909e-04
8.984816e-04
9.030597e-04
9.013350e-04
8.982425e-04
9.002285e-04
8.969622e-04
9.031599e-04
8.979146e-04
9.088373e-04
9.015028e-04
9.015319e-04
8.984551e-04
9.013188e-04
8.984458e-04
8.981428e-04
8.962731e-04
9.146099e-04
8.945377e-04
8.992300e-04
9.007807e-04
8.985586e-04
9.016819e-04
9.004803e-04
8.974290e-04
9.019806e-04
8.978016e-04
9.020936e-04
8.966815e-04
8.992608e-04
9.736459e-04
9.010785e-04
8.983297e-04
9.011912e-04
9.030867e-04
8.978074e-04
8.980088e-04
9.020293e-04
8.992968e-04
9.014635e-04
9.035516e-04
9.169991e-04
9.032123e-04
9.358926e-04
9.547269e-04
9.011919e-04
9.248698e-04
9.025872e-04
9.032834e-04
9.011436e-04
9.041369e-04
8.994975e-04
9.004712e-04
8.967576e-04
9.072978e-04
9.023278e-04
8.980076e-04
9.011219e-04
9.110219e-04
9.020619e-04
9.001253e-04
8.992829e-04
9.013824e-04
8.990529e-04
8.980212e-04
9.066746e-04
9.007957e-04
9.006808e-04
9.014232e-04
9.065323e-04
9.005122e-04
9.039128e-04
8.917377e-04
8.994012e-04
9.004664e-04
9.005637e-04
8.954804e-04
9.326456e-04
9.061341e-04
9.031198e-04
9.015350e-04
9.031029e-04
9.609435e-04
8.999887e-04
9.232097e-04
9.062867e-04
9.053245e-04
9.114497e-04
9.122038e-04
9.195514e-04
9.038072e-04
9.034965e-04
9.024310e-04
8.998048e-04
8.983417e-04
8.984735e-04
9.069412e-04
9.065261e-04
8.947375e-04
9.009840e-04
8.994582e-04
9.000473e-04
8.989115e-04
9.007845e-04
8.957202e-04
9.003065e-04
8.947988e-04
9.426794e-04
9.028726e-04
8.980372e-04
9.017878e-04
9.058404e-04
8.968189e-04
8.984277e-04
1.008054e-03
9.140294e-04
9.848301e-04
9.018843e-04
9.021065e-04
9.026499e-04
9.007709e-04
9.783449e-04
8.991373e-04
9.009089e-04
8.996706e-04
8.996890e-04
8.996327e-04
9.039619e-04
8.957179e-04
9.032671e-04
9.048553e-04
9.035954e-04
8.939896e-04
9.025042e-04
9.026864e-04
9.027460e-04
9.068229e-04
9.261661e-04
8.997123e-04
9.035051e-04
8.962097e-04
9.022157e-04
9.025602e-04
9.024463e-04
9.032705e-04
8.974421e-04
8.981819e-04
9.000401e-04
8.993673e-04
9.064879e-04
8.989997e-04
9.073105e-04
9.032605e-04
8.995695e-04
8.977146e-04
9.033203e-04
9.018950e-04
9.066873e-04
9.013743e-04
9.057941e-04
9.031816e-04
9.037006e-04
9.024808e-04
9.036574e-04
8.979630e-04
9.057739e-04
8.997588e-04
8.994861e-04
9.049470e-04
9.040992e-04
9.078367e-04
9.089642e-04
8.965328e-04
9.007876e-04
8.995187e-04
9.138880e-04
8.944595e-04
9.137330e-04
9.705622e-04
9.629481e-04
9.024012e-04
9.016263e-04
9.001787e-04
9.003620e-04
9.019227e-04
8.982422e-04
9.009898e-04
8.978250e-04
9.001591e-04
8.987064e-04
9.055362e-04
9.076757e-04
8.981941e-04
9.065185e-04
9.010909e-04
9.029987e-04
9.007390e-04
9.026644e-04
8.997765e-04
9.076545e-04
9.306724e-04
9.005172e-04
8.926208e-04
8.974209e-04
8.979511e-04
8.971820e-04
8.970544e-04
8.990374e-04
9.000452e-04
8.992059e-04
8.977640e-04
9.208763e-04
9.530597e-04
9.215269e-04
9.117930e-04
9.026730e-04
9.002383e-04
9.011402e-04
8.996344e-04
8.988407e-04
8.969498e-04
8.987458e-04
8.993030e-04
9.005299e-04
8.998907e-04
9.008286e-04
9.012041e-04
8.965967e-04
