8.998566e-04
9.023607e-04
9.020762e-04
9.023194e-04
9.009366e-04
9.028103e-04
8.989201e-04
9.027631e-04
9.012051e-04
9.039185e-04
9.010632e-04
9.055243e-04
9.046082e-04
8.991158e-04
9.006717e-04
8.975108e-04
8.984094e-04
9.015841e-04
9.025304e-04
8.979905e-04
9.092875e-04
8.943384e-04
9.032106e-04
8.972354e-04
8.981471e-04
9.029720e-04
9.047244e-04
8.985419e-04
9.029539e-04
9.011381e-04
9.038126e-04
8.998699e-04
9.002516e-04
8.991921e-04
9.034438e-04
8.854642e-04
8.938217e-04
9.042623e-04
9.152973e-04
9.261098e-04
9.139493e-04
8.967984e-04
9.716609e-04
9.051418e-04
9.003136e-04
9.023561e-04
9.007711e-04
9.055345e-04
8.987210e-04
9.009063e-04
9.040008e-04
8.998241e-04
8.923881e-04
9.173656e-04
8.990257e-04
8.905079e-04
8.967412e-04
9.002252e-04
9.392929e-04
8.975697e-04
9.001553e-04
9.247859e-04
8.983727e-04
9.034390e-04
8.994246e-04
8.975651e-04
8.984907e-04
8.913805e-04
8.913033e-04
8.943963e-04
8.947606e-04
8.884122e-04
8.997874e-04
9.093544e-04
9.011865e-04
8.974664e-04
9.012249e-04
8.987012e-04
8.972390e-04
9.006753e-04
8.999255e-04
9.073892e-04
8.881762e-04
8.880441e-04
9.034343e-04
9.010816e-04
8.925626e-04
8.950987e-04
9.000323e-04
8.856196e-04
8.974946e-04
8.939791e-04
8.944049e-04
8.972929e-04
8.962579e-04
8.960578e-04
8.867044e-04
8.969221e-04
9.000566e-04
9.157093e-04
8.943987e-04
9.321814e-04
9.409032e-04
8.903790e-04
8.977168e-04
8.879204e-04
8.944824e-04
8.986447e-04
8.982704e-04
8.913651e-04
8.893268e-04
8.897474e-04
8.932447e-04
9.266222e-04
8.961308e-04
9.014158e-04
8.981671e-04
9.040079e-04
8.978240e-04
9.028013e-04
9.067233e-04
8.982010e-04
8.984704e-04
8.954148e-04
8.982396e-04
9.007478e-04
9.015751e-04
8.971705e-04
8.985081e-04
9.016712e-04
9.029219e-04
8.972807e-04
8.989990e-04
8.973875e-04
8.959215e-04
8.999674e-04
8.947883e-04
8.989449e-04
8.979056e-04
8.955259e-04
8.972716e-04
8.926823e-04
9.022956e-04
9.159338e-04
9.004991e-04
9.027734e-04
9.007246e-04
8.973014e-04
9.009049e-04
9.008949e-04
9.022360e-04
9.023206e-04
8.984370e-04
8.972394e-04
8.992832e-04
9.285970e-04
1.092146e-03
9.022624e-04
8.970046e-04
8.986475e-04
9.024761e-04
9.020047e-04
8.986020e-04
8.987210e-04
9.043932e-04
9.010913e-04
9.010811e-04
8.952792e-04
9.005635e-04
9.037178e-04
9.010551e-04
9.037805e-04
9.001830e-04
8.971002e-04
9.006002e-04
9.032743e-04
9.007611e-04
8.975503e-04
8.992710e-04
9.023609e-04
8.937647e-04
8.906250e-04
8.968081e-04
9.012408e-04
8.972623e-04
1.079295e-03
9.022872e-04
9.007478e-04
8.967087e-04
8.945687e-04
9.003379e-04
8.950372e-04
8.989289e-04
9.005370e-04
9.022586e-04
9.007487e-04
8.925920e-04
8.908794e-04
8.941944e-04
9.004495e-04
8.819008e-04
8.954115e-04
8.993874e-04
8.986576e-04
8.972015e-04
8.851452e-04
8.840559e-04
9.003799e-04
8.938003e-04
8.973010e-04
1.067053e-03
9.034638e-04
8.963273e-04
8.987472e-04
8.834486e-04
8.981109e-04
8.990445e-04
8.986499e-04
1.151131e-03
9.015961e-04
8.998489e-04
1.222849e-03
8.976252e-04
8.974328e-04
8.994651e-04
8.967927e-04
8.990633e-04
1.112551e-03
9.015737e-04
8.977056e-04
8.985188e-04
9.009428e-04
8.955197e-04
8.991239e-04
8.939054e-04
8.999300e-04
1.124634e-03
8.990974e-04
8.976531e-04
9.037986e-04
1.022680e-03
9.016302e-04
9.002020e-04
9.060791e-04
8.961554e-04
8.984139e-04
8.990755e-04
9.014459e-04
9.005928e-04
8.985243e-04
8.995614e-04
9.001436e-04
1.053062e-03
9.000943e-04
9.035900e-04
8.981051e-04
8.976111e-04
8.979216e-04
9.010062e-04
8.980546e-04
9.004128e-04
9.003928e-04
8.895538e-04
8.995502e-04
9.013891e-04
9.044232e-04
8.975430e-04
8.989334e-04
8.984187e-04
9.003909e-04
8.987696e-04
9.009447e-04
9.022863e-04
9.013839e-04
9.001462e-04
8.966599e-04
9.019933e-04
8.981187e-04
8.965185e-04
9.000528e-04
8.995442e-04
9.033992e-04
8.990040e-04
9.006658e-04
9.020045e-04
8.993053e-04
8.983452e-04
8.998718e-04
8.987842e-04
9.026656e-04
8.996089e-04
9.002974e-04
8.980763e-04
8.969922e-04
9.015803e-04
8.975759e-04
8.972521e-04
8.969505e-04
9.020140e-04
9.001803e-04
8.993809e-04
8.987255e-04
8.989556e-04
8.987339e-04
8.992651e-04
9.034176e-04
8.993881e-04
8.983679e-04
8.965518e-04
8.987632e-04
8.970926e-04
8.975258e-04
8.970277e-04
9.001865e-04
8.986640e-04
8.991802e-04
9.032979e-04
8.930092e-04
8.995743e-04
8.997855e-04
1.114289e-03
8.982413e-04
8.971674e-04
8.940721e-04
9.008367e-04
9.004617e-04
8.999648e-04
8.991184e-04
9.017334e-04
8.979936e-04
9.034002e-04
8.979673e-04
8.998082e-04
1.123555e-03
8.983808e-04
9.042971e-04
8.973544e-04
9.036741e-04
8.977613e-04
8.978267e-04
9.143991e-04
8.976471e-04
9.005613e-04
8.943207e-04
9.132957e-04
8.975623e-04
8.929715e-04
8.969445e-04
8.964379e-04
8.928983e-04
8.945522e-04
9.002080e-04
8.995519e-04
9.025812e-04
8.970144e-04
8.945978e-04
8.983660e-04
8.963554e-04
8.984127e-04
8.817899e-04
9.031060e-04
9.023480e-04
8.982418e-04
8.977001e-04
8.982954e-04
8.998132e-04
8.994670e-04
8.977761e-04
1.088292e-03
8.952835e-04
8.997300e-04
8.983619e-04
9.029195e-04
9.015756e-04
9.007616e-04
8.985786e-04
9.000607e-04
8.984118e-04
8.963706e-04
8.971379e-04
8.970306e-04
8.968291e-04
8.916445e-04
8.943398e-04
1.004254e-03
9.015825e-04
1.073462e-03
1.032812e-03
8.985496e-04
8.973336e-04
8.987365e-04
8.994546e-04
9.064672e-04
9.019856e-04
8.934300e-04
7.440338e-04
9.038815e-04
9.017148e-04
9.011679e-04
8.977554e-04
