9.014559e-04
9.037335e-04
8.956892e-04
9.063632e-04
8.998892e-04
8.996961e-04
9.003463e-04
8.964355e-04
9.001355e-04
9.021363e-04
9.016736e-04
9.022532e-04
8.998475e-04
8.992922e-04
8.962371e-04
9.006619e-04
8.972847e-04
8.994761e-04
8.992424e-04
9.001129e-04
9.043825e-04
9.021022e-04
8.978927e-04
8.950741e-04
8.928239e-04
8.965902e-04
8.975816e-04
8.988378e-04
8.988943e-04
8.979726e-04
8.989067e-04
9.026682e-04
8.973899e-04
8.974369e-04
8.993914e-04
8.959403e-04
9.009457e-04
9.010186e-04
8.996880e-04
8.941526e-04
8.955691e-04
8.947537e-04
8.980184e-04
9.005008e-04
8.959734e-04
8.994408e-04
8.986521e-04
9.008234e-04
8.984816e-04
9.005301e-04
8.996084e-04
9.023967e-04
9.016416e-04
9.006727e-04
9.009891e-04
8.976388e-04
8.939087e-04
8.995743e-04
9.004514e-04
8.966887e-04
8.974133e-04
8.987610e-04
8.956635e-04
8.962588e-04
8.977532e-04
8.972414e-04
8.997624e-04
8.981957e-04
8.987916e-04
9.824898e-04
8.998456e-04
8.966444e-04
8.961856e-04
8.983908e-04
8.960667e-04
8.950162e-04
8.946002e-04
8.976836e-04
8.979976e-04
8.994484e-04
9.013898e-04
8.965607e-04
8.984845e-04
8.971629e-04
8.996205e-04
8.973744e-04
8.962777e-04
9.000678e-04
8.981647e-04
8.967667e-04
8.941252e-04
8.966362e-04
9.004045e-04
8.971095e-04
8.988638e-04
9.010291e-04
8.967180e-04
8.999276e-04
8.965240e-04
8.982482e-04
8.958042e-04
8.978293e-04
8.993580e-04
9.015284e-04
8.932617e-04
8.999224e-04
8.993044e-04
8.992455e-04
8.996296e-04
9.019182e-04
8.989649e-04
9.015987e-04
8.982720e-04
8.969464e-04
8.960788e-04
9.022043e-04
8.955319e-04
8.935843e-04
8.991735e-04
8.996084e-04
8.967178e-04
8.983557e-04
8.962440e-04
9.019477e-04
9.043868e-04
8.959503e-04
8.977768e-04
9.044106e-04
8.965333e-04
8.979828e-04
8.986156e-04
9.014862e-04
8.992651e-04
9.009531e-04
8.997910e-04
9.035802e-04
8.961215e-04
9.019289e-04
8.962655e-04
8.970475e-04
9.018826e-04
9.005277e-04
8.980296e-04
9.040945e-04
8.993657e-04
8.979945e-04
8.979418e-04
8.981862e-04
8.996110e-04
8.966346e-04
8.960323e-04
8.971443e-04
9.005184e-04
8.995469e-04
8.988948e-04
9.001000e-04
8.980811e-04
8.963759e-04
8.980153e-04
9.002311e-04
8.974071e-04
8.977654e-04
8.976467e-04
8.980722e-04
9.011774e-04
8.982935e-04
8.964746e-04
8.990200e-04
8.981812e-04
8.991876e-04
8.975897e-04
9.015968e-04
8.995306e-04
8.982606e-04
8.965330e-04
9.032264e-04
8.988638e-04
8.990207e-04
8.991678e-04
9.012830e-04
9.026761e-04
8.966041e-04
8.955593e-04
8.963060e-04
9.460454e-04
8.978214e-04
9.006150e-04
9.062572e-04
9.025316e-04
9.072483e-04
8.998163e-04
9.013987e-04
8.964839e-04
9.011924e-04
8.973720e-04
8.971632e-04
8.964179e-04
9.009662e-04
8.994491e-04
9.042633e-04
8.957226e-04
8.984625e-04
8.970385e-04
8.989894e-04
8.951082e-04
9.003060e-04
8.990076e-04
9.000456e-04
8.999813e-04
8.972175e-04
9.009414e-04
8.956971e-04
8.973594e-04
9.011014e-04
8.986506e-04
8.999488e-04
1.001031e-03
9.399705e-04
9.026020e-04
8.986452e-04
8.991914e-04
8.955550e-04
8.996668e-04
9.378555e-04
8.972800e-04
9.015801e-04
8.982544e-04
8.999498e-04
8.943267e-04
8.955653e-04
9.009914e-04
8.972671e-04
8.968620e-04
9.020586e-04
9.009635e-04
8.972230e-04
8.979247e-04
8.973231e-04
8.921752e-04
9.022758e-04
8.947270e-04
8.983278e-04
8.979554e-04
8.995028e-04
9.021761e-04
9.000483e-04
8.933005e-04
9.001598e-04
9.013441e-04
8.965983e-04
9.000015e-04
8.963170e-04
8.950748e-04
8.967197e-04
8.986230e-04
8.983791e-04
9.002554e-04
8.947625e-04
8.953075e-04
9.002266e-04
8.968687e-04
9.005213e-04
9.005690e-04
8.991244e-04
8.969541e-04
8.992658e-04
8.995697e-04
8.944483e-04
8.949637e-04
9.063056e-04
9.017253e-04
9.024379e-04
9.003024e-04
8.986719e-04
9.030190e-04
9.027627e-04
9.030137e-04
8.956337e-04
9.019597e-04
9.000635e-04
8.997560e-04
8.976352e-04
8.987327e-04
9.005709e-04
8.959317e-04
8.986166e-04
8.969758e-04
9.009247e-04
9.004362e-04
9.039495e-04
9.002635e-04
9.022152e-04
8.977897e-04
9.001834e-04
8.996708e-04
8.990526e-04
8.973551e-04
9.028170e-04
9.001539e-04
8.988636e-04
9.006956e-04
8.952034e-04
9.034171e-04
8.993123e-04
8.993785e-04
9.006667e-04
8.957760e-04
8.959095e-04
9.015677e-04
8.988018e-04
8.952117e-04
9.005244e-04
8.983924e-04
8.995812e-04
8.939555e-04
8.984866e-04
9.018781e-04
8.979473e-04
8.987348e-04
9.013462e-04
9.002237e-04
8.950515e-04
8.990319e-04
8.995121e-04
9.046311e-04
9.029925e-04
8.994532e-04
8.987801e-04
8.994246e-04
8.978853e-04
8.973053e-04
9.008303e-04
8.968689e-04
8.982022e-04
8.976629e-04
9.014504e-04
8.959892e-04
9.001024e-04
9.018505e-04
8.955243e-04
8.949208e-04
8.989568e-04
8.980534e-04
8.997805e-04
8.998234e-04
9.039667e-04
8.988862e-04
8.981183e-04
8.996887e-04
8.993585e-04
8.999934e-04
9.011950e-04
9.004734e-04
8.985100e-04
8.981671e-04
9.002059e-04
8.994741e-04
8.981128e-04
9.012597e-04
8.975849e-04
8.974526e-04
9.008999e-04
9.021168e-04
9.010720e-04
8.952317e-04
8.962417e-04
8.975072e-04
8.977747e-04
8.955216e-04
8.985140e-04
8.996229e-04
8.999248e-04
8.958967e-04
8.999281e-04
9.006674e-04
8.986220e-04
8.961308e-04
8.973331e-04
9.015636e-04
8.957160e-04
8.968620e-04
9.010763e-04
8.991659e-04
8.929825e-04
8.971248e-04
9.010546e-04
8.989384e-04
8.974905e-04
8.977883e-04
9.053140e-04
8.983049e-04
8.998804e-04
8.976564e-04
9.009449e-04
8.983572e-04
8.970773e-04
9.000549e-04
9.016457e-04
9.022877e-04
9.011247e-04
