8.974428e-04
8.921545e-04
8.951015e-04
8.977008e-04
8.949106e-04
8.964086e-04
9.006202e-04
8.986940e-04
8.948970e-04
8.991644e-04
9.035923e-04
9.083681e-04
9.027944e-04
8.974912e-04
9.020081e-04
9.040024e-04
9.200497e-04
8.993685e-04
9.009538e-04
8.981028e-04
8.920696e-04
1.034867e-03
8.980453e-04
9.038239e-04
8.980198e-04
9.002008e-04
8.945165e-04
9.004066e-04
8.983555e-04
8.983846e-04
8.975525e-04
9.001153e-04
8.992515e-04
9.022703e-04
8.989527e-04
8.986039e-04
9.072335e-04
8.983493e-04
8.986061e-04
8.975713e-04
9.056542e-04
9.060733e-04
1.084699e-03
8.997393e-04
8.998876e-04
9.764392e-04
9.170554e-04
9.044032e-04
8.951776e-04
9.010792e-04
8.987732e-04
9.024704e-04
8.955574e-04
9.039633e-04
8.968308e-04
8.986290e-04
8.959649e-04
8.992009e-04
8.984156e-04
8.975477e-04
9.010403e-04
9.059739e-04
9.007692e-04
9.033055e-04
8.989854e-04
9.029801e-04
8.995862e-04
9.078019e-04
8.959575e-04
9.019659e-04
8.999257e-04
9.019821e-04
8.968344e-04
9.013498e-04
8.989372e-04
9.026275e-04
8.977635e-04
8.988202e-04
1.030018e-03
9.052262e-04
9.026127e-04
8.972764e-04
9.044347e-04
8.979168e-04
8.974826e-04
8.999245e-04
8.986831e-04
9.027426e-04
8.985789e-04
9.021921e-04
9.034286e-04
9.013937e-04
9.012504e-04
9.120481e-04
9.012985e-04
8.960254e-04
9.024122e-04
8.997779e-04
9.039447e-04
8.978009e-04
9.051864e-04
9.056265e-04
8.994417e-04
9.021719e-04
9.019754e-04
9.002347e-04
9.032907e-04
9.023674e-04
9.064834e-04
9.015658e-04
9.021251e-04
9.009495e-04
8.950632e-04
9.043388e-04
9.008069e-04
9.039199e-04
8.994071e-04
9.042666e-04
9.037247e-04
8.995993e-04
8.971865e-04
9.027095e-04
8.962541e-04
9.025457e-04
9.000349e-04
9.051640e-04
9.006608e-04
9.051468e-04
9.024520e-04
8.995016e-04
8.975604e-04
8.973296e-04
9.020512e-04
9.000242e-04
8.989928e-04
9.063063e-04
9.033923e-04
8.991640e-04
9.076171e-04
8.981302e-04
9.057035e-04
8.990850e-04
9.013014e-04
9.045439e-04
8.974984e-04
9.036098e-04
9.000921e-04
9.024098e-04
9.050195e-04
9.003158e-04
9.012561e-04
9.050748e-04
9.037213e-04
9.029188e-04
9.020743e-04
8.949351e-04
8.956172e-04
8.985007e-04
9.030149e-04
1.013818e-03
9.066372e-04
9.100327e-04
9.112515e-04
9.030247e-04
9.002180e-04
8.998785e-04
9.075511e-04
9.012816e-04
8.999107e-04
9.059615e-04
9.039824e-04
8.992906e-04
9.011831e-04
9.055798e-04
9.001205e-04
8.982522e-04
9.047489e-04
9.048562e-04
9.008219e-04
8.982518e-04
9.018266e-04
9.034817e-04
8.981555e-04
1.008928e-03
8.992422e-04
9.045405e-04
9.050221e-04
8.962822e-04
9.060776e-04
9.031951e-04
9.091423e-04
8.988993e-04
9.023478e-04
9.007185e-04
9.021358e-04
8.966355e-04
8.917854e-04
9.032984e-04
8.994884e-04
8.992078e-04
9.005299e-04
9.052737e-04
9.096799e-04
9.001033e-04
8.988245e-04
9.045556e-04
9.040880e-04
9.014490e-04
9.083900e-04
9.001153e-04
9.040170e-04
9.025993e-04
9.061890e-04
9.003267e-04
9.004176e-04
9.010940e-04
9.092996e-04
9.022455e-04
9.011123e-04
9.058187e-04
9.063594e-04
9.021108e-04
9.040804e-04
8.972163e-04
8.977466e-04
8.974996e-04
8.981068e-04
9.019990e-04
9.020638e-04
8.996444e-04
9.013512e-04
9.000611e-04
9.073193e-04
9.042208e-04
9.019718e-04
9.003263e-04
8.978872e-04
8.980870e-04
8.991027e-04
8.989463e-04
9.047627e-04
9.033620e-04
9.007831e-04
9.092312e-04
9.032991e-04
8.989272e-04
9.008873e-04
9.030790e-04
8.969088e-04
9.034576e-04
9.007909e-04
8.964524e-04
9.061468e-04
9.022703e-04
9.027009e-04
8.996489e-04
8.963470e-04
9.012213e-04
9.021063e-04
9.004076e-04
8.983388e-04
8.967173e-04
8.996785e-04
9.013677e-04
8.932998e-04
9.044726e-04
8.955433e-04
9.018276e-04
9.008944e-04
9.041739e-04
1.010448e-03
9.099097e-04
9.085474e-04
9.025686e-04
8.968160e-04
8.955276e-04
1.014902e-03
9.119639e-04
9.071991e-04
8.988860e-04
8.987646e-04
8.994358e-04
8.956208e-04
8.948386e-04
8.986714e-04
8.972783e-04
8.951485e-04
9.001586e-04
8.978279e-04
8.966370e-04
9.019420e-04
9.023275e-04
8.945374e-04
9.013555e-04
8.940852e-04
8.968253e-04
8.955560e-04
8.948390e-04
8.978791e-04
8.978875e-04
8.978939e-04
9.020002e-04
8.964541e-04
8.976774e-04
8.968472e-04
8.994393e-04
8.979194e-04
8.978148e-04
8.968418e-04
8.999922e-04
9.055297e-04
9.097445e-04
9.043930e-04
8.993628e-04
9.027295e-04
9.043944e-04
9.011896e-04
9.027929e-04
8.995028e-04
9.036970e-04
9.087079e-04
9.030483e-04
8.967040e-04
8.997190e-04
9.018002e-04
8.972690e-04
9.004712e-04
8.986592e-04
8.984358e-04
9.013779e-04
8.925853e-04
8.989871e-04
9.037519e-04
8.978803e-04
9.011154e-04
9.024899e-04
8.970435e-04
9.049492e-04
9.056187e-04
9.018834e-04
8.976874e-04
8.982162e-04
1.031825e-03
9.020419e-04
8.994436e-04
9.076848e-04
9.010894e-04
8.959146e-04
9.033129e-04
9.013927e-04
9.038827e-04
8.978446e-04
9.005213e-04
9.040897e-04
9.020143e-04
9.003122e-04
8.999341e-04
8.949389e-04
9.014935e-04
9.043803e-04
9.005563e-04
9.069998e-04
8.997011e-04
9.050987e-04
8.983774e-04
8.978672e-04
8.994043e-04
9.011385e-04
9.026477e-04
9.036500e-04
8.982425e-04
8.971500e-04
9.026949e-04
1.071152e-03
8.997569e-04
8.999157e-04
8.959234e-04
8.986177e-04
8.985178e-04
8.983326e-04
8.963118e-04
8.966844e-04
8.972468e-04
8.956652e-04
8.953280e-04
8.973470e-04
9.006746e-04
8.983793e-04
9.008567e-04
9.002583e-04
9.025435e-04
8.976402e-04
8.998671e-04
8.969994e-04
8.987043e-04
8.978891e-04
9.042051e-04
8.997374e-04
8.979554e-04
8.979852e-04
