9.031680e-04
9.021297e-04
9.048600e-04
9.011369e-04
9.022892e-04
9.038196e-04
9.006164e-04
9.031725e-04
9.009664e-04
9.009194e-04
8.989391e-04
8.994119e-04
8.999658e-04
9.024794e-04
9.016902e-04
9.000871e-04
8.995986e-04
9.028161e-04
9.031901e-04
9.016871e-04
9.000649e-04
8.988724e-04
8.986163e-04
9.015684e-04
8.998997e-04
9.022732e-04
9.018888e-04
9.009020e-04
8.986695e-04
8.988159e-04
8.990433e-04
8.984997e-04
9.008045e-04
8.992293e-04
9.003205e-04
8.994796e-04
9.003396e-04
9.004488e-04
9.003575e-04
9.012527e-04
9.012914e-04
9.000163e-04
8.994501e-04
9.024100e-04
8.982773e-04
9.021935e-04
8.983452e-04
9.012890e-04
9.040048e-04
8.981130e-04
9.003921e-04
8.900597e-04
8.888941e-04
8.968284e-04
9.031930e-04
9.026995e-04
9.011352e-04
8.950629e-04
1.593601e-03
9.156983e-04
1.307755e-03
9.132543e-04
9.064918e-04
9.904668e-04
9.454060e-04
8.949018e-04
1.464725e-03
9.872615e-04
1.023811e-03
9.615369e-04
9.958694e-04
9.134290e-04
9.170191e-04
9.108615e-04
9.176593e-04
9.166474e-04
9.009271e-04
9.254112e-04
9.094074e-04
1.020213e-03
1.152855e-03
1.309082e-03
9.872415e-04
1.215973e-03
9.046638e-04
9.139073e-04
9.012549e-04
9.227564e-04
9.046640e-04
8.993089e-04
9.049523e-04
8.926857e-04
9.029593e-04
9.049530e-04
8.979208e-04
9.078162e-04
9.007123e-04
2.386908e-03
5.691297e-03
5.929818e-03
5.027189e-03
4.833272e-03
5.495661e-03
4.585140e-03
2.379757e-03
1.999382e-03
3.937366e-03
2.579974e-03
1.186634e-03
9.225347e-04
2.524076e-03
1.137860e-03
9.032657e-04
9.015181e-04
8.960660e-04
8.994441e-04
9.032063e-04
8.973479e-04
9.014270e-04
8.984275e-04
9.009480e-04
9.027419e-04
8.971760e-04
9.007461e-04
8.953161e-04
9.013140e-04
8.994832e-04
9.044721e-04
9.024463e-04
8.970423e-04
9.019396e-04
8.981497e-04
8.991578e-04
9.023917e-04
8.980603e-04
9.005470e-04
8.982322e-04
9.005780e-04
9.011521e-04
8.985965e-04
8.983381e-04
8.977420e-04
8.947468e-04
8.948462e-04
9.003754e-04
9.033384e-04
9.002686e-04
8.972211e-04
9.003198e-04
8.948512e-04
9.001637e-04
8.989165e-04
8.990195e-04
9.012702e-04
9.014573e-04
8.973420e-04
8.977451e-04
9.022479e-04
9.015868e-04
8.977826e-04
9.008901e-04
9.014182e-04
8.990462e-04
8.985620e-04
8.996325e-04
8.992739e-04
8.996582e-04
8.976903e-04
9.024675e-04
8.972554e-04
9.048638e-04
8.935375e-04
9.128249e-04
9.022355e-04
9.000885e-04
9.010463e-04
8.931592e-04
9.035604e-04
9.013476e-04
9.016643e-04
8.989127e-04
8.990726e-04
9.018226e-04
8.956096e-04
9.020960e-04
8.997078e-04
8.997002e-04
9.009271e-04
9.012856e-04
9.051704e-04
9.013937e-04
9.002442e-04
8.950222e-04
8.961492e-04
8.983810e-04
9.020672e-04
8.974800e-04
9.012175e-04
8.971858e-04
8.980758e-04
9.053533e-04
9.013870e-04
9.011340e-04
9.002385e-04
8.995039e-04
9.014037e-04
8.990328e-04
9.008980e-04
9.018340e-04
8.957367e-04
8.983297e-04
9.044216e-04
8.981690e-04
9.001479e-04
8.992019e-04
9.042161e-04
8.970995e-04
8.972929e-04
8.944521e-04
9.033999e-04
8.954604e-04
9.028635e-04
9.039783e-04
8.979383e-04
8.937833e-04
8.998327e-04
8.998852e-04
9.008718e-04
8.992119e-04
9.003372e-04
8.975816e-04
8.988912e-04
8.921041e-04
9.033494e-04
8.985462e-04
8.979597e-04
8.996463e-04
8.984892e-04
9.005730e-04
9.017935e-04
9.015408e-04
9.001131e-04
9.038506e-04
8.968661e-04
9.034302e-04
8.949647e-04
8.987811e-04
9.016919e-04
9.012399e-04
8.996692e-04
9.030681e-04
9.017963e-04
8.967843e-04
8.979597e-04
9.023194e-04
8.958278e-04
9.025559e-04
9.028125e-04
8.999686e-04
9.027085e-04
8.989255e-04
9.027793e-04
9.011927e-04
8.974111e-04
9.045925e-04
8.933356e-04
9.028156e-04
9.004641e-04
9.005945e-04
9.455695e-04
9.567785e-04
8.977897e-04
8.988588e-04
9.048448e-04
9.001491e-04
9.036632e-04
8.977928e-04
8.976297e-04
8.988867e-04
8.954277e-04
8.963664e-04
8.941875e-04
8.974345e-04
8.963466e-04
8.912749e-04
8.982306e-04
9.130645e-04
9.290328e-04
8.947763e-04
8.964109e-04
9.505138e-04
9.000599e-04
8.981395e-04
8.988910e-04
9.013538e-04
9.005673e-04
8.972983e-04
8.969078e-04
8.950801e-04
8.904142e-04
8.973494e-04
8.964310e-04
8.984752e-04
9.037704e-04
8.975143e-04
9.002452e-04
8.983235e-04
9.004681e-04
8.996832e-04
9.011736e-04
8.994281e-04
8.982623e-04
8.925335e-04
8.973966e-04
9.003477e-04
8.986173e-04
8.960543e-04
8.983059e-04
8.982892e-04
8.865509e-04
8.974800e-04
8.981459e-04
8.978086e-04
9.024916e-04
8.985789e-04
9.022553e-04
8.994944e-04
8.971007e-04
8.975368e-04
8.964531e-04
9.029715e-04
9.043112e-04
9.025543e-04
9.007351e-04
8.977163e-04
9.001942e-04
8.954146e-04
9.057772e-04
9.002931e-04
8.995020e-04
9.015393e-04
9.001164e-04
9.033682e-04
9.016562e-04
8.991938e-04
8.990462e-04
8.969057e-04
9.041145e-04
8.967559e-04
9.009852e-04
9.023809e-04
9.033921e-04
8.943126e-04
9.008231e-04
8.974121e-04
9.016123e-04
9.003599e-04
8.966088e-04
9.085855e-04
9.251878e-04
8.951814e-04
8.979244e-04
9.105268e-04
8.984232e-04
8.989909e-04
8.966901e-04
8.994427e-04
8.967385e-04
8.991470e-04
9.012027e-04
8.992617e-04
8.979604e-04
9.028461e-04
9.026496e-04
8.989863e-04
9.018824e-04
8.980136e-04
9.009609e-04
8.985305e-04
8.941820e-04
9.005332e-04
9.049144e-04
9.251251e-04
2.897431e-03
1.873317e-03
4.111383e-03
2.247205e-03
2.705403e-03
3.893743e-03
4.078181e-03
2.786202e-03
3.479771e-03
3.258303e-03
1.279171e-03
1.437458e-03
9.858181e-04
2.568034e-03
2.164749e-03
2.758120e-03
2.823633e-03
