9.020414e-04
9.022691e-04
9.048216e-04
9.026031e-04
8.977025e-04
9.041812e-04
8.999398e-04
9.029632e-04
8.992164e-04
9.060049e-04
9.094782e-04
9.033563e-04
1.002170e-03
1.078063e-03
9.056139e-04
9.119296e-04
9.031909e-04
9.056978e-04
9.039776e-04
9.044838e-04
8.941970e-04
9.047344e-04
9.022534e-04
9.059541e-04
9.019279e-04
9.022732e-04
9.089310e-04
9.014504e-04
9.044082e-04
9.016633e-04
8.996527e-04
9.012988e-04
8.989265e-04
9.042974e-04
9.012442e-04
9.070601e-04
9.030647e-04
9.037368e-04
8.981688e-04
9.008334e-04
9.025774e-04
8.989780e-04
9.005849e-04
9.028239e-04
9.023902e-04
9.046891e-04
9.003541e-04
8.992603e-04
8.966722e-04
8.993969e-04
9.031246e-04
9.012828e-04
9.040992e-04
9.051514e-04
9.064367e-04
9.050708e-04
9.023373e-04
9.006665e-04
9.010036e-04
9.006305e-04
9.036055e-04
9.034076e-04
9.039800e-04
8.993511e-04
9.027417e-04
9.028919e-04
9.009049e-04
9.021213e-04
9.022653e-04
9.020684e-04
9.030080e-04
8.947136e-04
8.924627e-04
9.022305e-04
8.934648e-04
9.022827e-04
9.005618e-04
9.019942e-04
1.048820e-03
8.995798e-04
9.051576e-04
8.969443e-04
8.996961e-04
9.011219e-04
8.957977e-04
8.941867e-04
8.985364e-04
8.995402e-04
8.964062e-04
9.058049e-04
9.017992e-04
8.996158e-04
8.986733e-04
8.985610e-04
9.009962e-04
9.037213e-04
8.979182e-04
9.041488e-04
8.992321e-04
9.011157e-04
9.043887e-04
9.088166e-04
8.993418e-04
9.036331e-04
8.919039e-04
9.038448e-04
8.994174e-04
8.991749e-04
8.979192e-04
9.060543e-04
9.084125e-04
9.040794e-04
8.959363e-04
9.138217e-04
9.027510e-04
9.060972e-04
8.990767e-04
9.025536e-04
9.020920e-04
9.044688e-04
9.059737e-04
9.011395e-04
8.973401e-04
8.967154e-04
8.979354e-04
9.032526e-04
8.980885e-04
9.022069e-04
9.020073e-04
9.013295e-04
9.022186e-04
9.031651e-04
8.965364e-04
9.034550e-04
8.994043e-04
9.020209e-04
9.060686e-04
9.001720e-04
8.931162e-04
9.065676e-04
9.029775e-04
8.984339e-04
8.974712e-04
9.076567e-04
9.007325e-04
9.003651e-04
9.017429e-04
9.057631e-04
8.970139e-04
8.988299e-04
9.004164e-04
9.041555e-04
9.053948e-04
9.001021e-04
9.022803e-04
9.000423e-04
9.017553e-04
9.009020e-04
9.013300e-04
8.984118e-04
9.035032e-04
9.097664e-04
9.013791e-04
9.020073e-04
8.987565e-04
9.036663e-04
9.043353e-04
9.088597e-04
8.999829e-04
9.043608e-04
9.034419e-04
9.001565e-04
9.675586e-04
9.006469e-04
9.040349e-04
9.035697e-04
9.041913e-04
9.056747e-04
8.946991e-04
9.011428e-04
9.047339e-04
8.968344e-04
8.982320e-04
8.972530e-04
8.969982e-04
9.007103e-04
9.011145e-04
9.023631e-04
8.989155e-04
9.017057e-04
8.984644e-04
9.000714e-04
8.961587e-04
8.962538e-04
9.025037e-04
8.976939e-04
9.057932e-04
9.025960e-04
9.026217e-04
9.137361e-04
9.041111e-04
8.989010e-04
8.996546e-04
9.043825e-04
9.569445e-04
9.002154e-04
9.028146e-04
8.978186e-04
9.005501e-04
9.000430e-04
9.009326e-04
8.999412e-04
9.020438e-04
8.963177e-04
9.025457e-04
8.922632e-04
8.971355e-04
9.030321e-04
9.004729e-04
9.038353e-04
8.994727e-04
8.985772e-04
9.000170e-04
9.016440e-04
8.999624e-04
8.980317e-04
9.042799e-04
9.005694e-04
8.992918e-04
9.002759e-04
9.030583e-04
8.965986e-04
8.998218e-04
9.028771e-04
9.010527e-04
9.040709e-04
9.005964e-04
8.985717e-04
9.018269e-04
9.025114e-04
9.461663e-04
8.990088e-04
8.997486e-04
9.032428e-04
8.996434e-04
9.049058e-04
8.988414e-04
9.013262e-04
8.995774e-04
9.015772e-04
8.992286e-04
9.007108e-04
9.068208e-04
8.979414e-04
9.029486e-04
9.026198e-04
9.000690e-04
9.036503e-04
9.030573e-04
9.010468e-04
8.988786e-04
9.011562e-04
9.058204e-04
8.980575e-04
8.964999e-04
1.041289e-03
9.016860e-04
8.955195e-04
9.004087e-04
8.980548e-04
9.022682e-04
9.031296e-04
8.995171e-04
9.006221e-04
9.022317e-04
8.976486e-04
8.999453e-04
8.995461e-04
9.061759e-04
9.068575e-04
9.042232e-04
9.027405e-04
9.026022e-04
9.040263e-04
9.051459e-04
8.982718e-04
9.054208e-04
8.985293e-04
9.042046e-04
9.026818e-04
9.057491e-04
9.012465e-04
9.005778e-04
9.020092e-04
9.025741e-04
9.007361e-04
9.046187e-04
9.049480e-04
9.000418e-04
8.999324e-04
8.989990e-04
9.048612e-04
8.960915e-04
8.992002e-04
9.008749e-04
9.004719e-04
8.976521e-04
8.982167e-04
8.942180e-04
8.950939e-04
8.913498e-04
8.985527e-04
8.992417e-04
9.014580e-04
8.993225e-04
8.961682e-04
8.992653e-04
8.998873e-04
9.024534e-04
8.980799e-04
8.960559e-04
8.990347e-04
8.976085e-04
8.982980e-04
8.984883e-04
8.990734e-04
9.007666e-04
8.945236e-04
9.064336e-04
8.987823e-04
8.969843e-04
8.945904e-04
9.018798e-04
9.016349e-04
9.023068e-04
9.007976e-04
9.004779e-04
9.059174e-04
9.054828e-04
9.067271e-04
9.058833e-04
9.017670e-04
1.030203e-03
8.993096e-04
8.963461e-04
8.989012e-04
8.968995e-04
9.011457e-04
9.011257e-04
8.976545e-04
9.004331e-04
8.993764e-04
8.973646e-04
9.038250e-04
9.019880e-04
8.961525e-04
9.003286e-04
9.004169e-04
9.003563e-04
9.062819e-04
9.003942e-04
9.044313e-04
9.005575e-04
9.072926e-04
1.028779e-03
9.000373e-04
8.998208e-04
9.011440e-04
9.007897e-04
9.110847e-04
9.011648e-04
9.002047e-04
9.008160e-04
8.987863e-04
9.027441e-04
8.985057e-04
8.935990e-04
9.059684e-04
9.053652e-04
9.028983e-04
9.004946e-04
9.044538e-04
8.990393e-04
9.028797e-04
8.974080e-04
9.062119e-04
9.012420e-04
8.956511e-04
8.989232e-04
9.056158e-04
9.070637e-04
9.047823e-04
8.961761e-04
8.996236e-04
9.020457e-04
1.104114e-03
9.094462e-04
9.064207e-04
9.195776e-04
9.074659e-04
